%YAML:1.0
cam0:
    T_cam_imu:
      - [0.004637443777465944, -0.9999689450133201, 0.006372058078592424, 0.026702366520489827]
      - [-0.01861391778756205, -0.00645734275096882, -0.9998058935559406, -0.002847338916058711]
      - [0.9998159911602771, 0.004517934654532263, -0.018643285296552625, -0.11960054240440089]
      - [0.0, 0.0, 0.0, 1.0]
    cam_overlaps: [1, 2]
    camera_model: pinhole
    distortion_coeffs: [-0.03290300443768501, 0.03494822978973389, -0.00016445788787677884, -2.1918178390478715e-05]
    distortion_model: radtan
    intrinsics: [406.9036560058594, 406.8845520019531, 422.4888610839844, 234.09555053710938]
    resolution: [848, 480]
    rostopic: /camera/color/image_raw

cam1:
    T_cam_imu:
      - [0.007809212943847621, -0.9999679514767559, 0.0017641464165816245, 0.04821204400450801]
      - [-0.021274959958392403, -0.0019299463823794216, -0.9997717996551668, -0.0008977139478243757]
      - [0.9997431631534008, 0.0077698987343873815, -0.021289349489613918, -0.11325526437669414]
      - [0.0, 0.0, 0.0, 1.0]
    T_cn_cnm1:
      - [0.9999911259745974, 0.004211778989585653, -9.428568748503125e-05, 0.02356855079863936]
      - [-0.004211808650610779, 0.999991080166824, -0.000316630179261276, 0.00010195264273506407]
      - [9.295127013594703e-05, 0.0003170244827512017, 0.9999999454277635, 7.360871751209034e-05]
      - [0.0, 0.0, 0.0, 1.0]
    cam_overlaps: [0,2]
    camera_model: pinhole
    distortion_coeffs: [0.0, 0.0, 0.0, 0.0]
    distortion_model: radtan
    intrinsics: [409.3014831542969, 409.3014831542969, 424.3312683105469, 239.66876220703125]
    resolution: [848, 480]
    rostopic: /camera/left_ir/image_raw

cam2:
    T_cam_imu:
      - [0.006620489673967667, -0.9999765320903065, 0.001761926536399061, -0.03960485720984185]
      - [-0.016819284919892208, -0.0018730700725013705, -0.999856791377288, 0.009493110562927103]
      - [0.9998366270402674, 0.006589907218336244, -0.01683129084750623, -0.126000389272474]
      - [0.0, 0.0, 0.0, 1.0]
    T_cn_cnm1:
      - [0.9999842669203219, 0.0003857415953289637, 0.005596169693305699, -0.0948602239855531]
      - [-0.0003851282022319551, 0.9999999197123556, -0.00011068666844708375, 1.698428323575697e-05]
      - [-0.005596211940454518, 0.00010852968423154264, 0.9999843351939137, 0.000986290262561379]
      - [0.0, 0.0, 0.0, 1.0]
    cam_overlaps: [0,1]
    camera_model: pinhole
    distortion_coeffs: [-0.03290300443768501, 0.03494822978973389, -0.00016445788787677884, -2.1918178390478715e-05]
    distortion_model: radtan
    intrinsics: [406.9036560058594, 406.8845520019531, 422.4888610839844, 234.09555053710938]
    resolution: [848, 480]
    rostopic: /camera/right_ir/image_raw
